spawns:
  default:
    world: 83393d04-0bd4-474d-8212-20c0465aab23
    world-name: Lobby
    x: 495.22332042374245
    y: 136.0
    z: 635.899842686789
    yaw: 53.500152587890625
    pitch: -2.8500068187713623
